波特率：115200
头检验是AA和长度的异或；
包检验是从类型ID到有效数据的异或；

AA length2 head typeid2 funid cmdnum dataN checkcode 55
typeid = 0x0110 device to pc
typeid = 0x1110 pc to device

pc to device：
连接：
AA 00 07 AD 11 10 00 00 01 00 55
》AA 00 07 AD 01 10 00 00 00 11 55

断开连接：
AA 00 07 AD 11 10 01 00 00 00 55
》AA 00 07 AD 01 10 01 00 00 10 55 

读取设备信息：
AA 00 07 AD 11 10 02 00 01 02 55
》AA 00 12 B8 01 10 02 00 01 04 42 48 2D 34 50 00 00 00 00 00 55 55 
读取设备通道参数：
AA 00 07 AD 11 10 03 00 00 02 55
》AA 00 1A B0 01 10 03 00 00 01 00 00 06 00 00 00 00 00 48 42 00 00 16 43 00 00 7A 44 74 55
读取实时运行数据：
AA 00 07 AD 11 10 05 00 00 04 55
》AA 00 1A B0 01 10 05 00 00 00 01 F0 C6 B1 3F 00 00 01 00 00 00 06 00 00 00 7A 44 00 94 55 
读取设备记录个数：
AA 00 07 AD 11 10 06 00 03 04 55
》AA 00 0A A0 01 10 06 00 58 00 00 00 4F 55
读取记录数据：
AA 00 0B A1 11 10 07 00 00 00 00 00 00 06 55
》AA 00 14 BE 01 10 07 00 00 00 00 00 00 DE 13 03 10 07 19 0E 26 1A E4 55 
设置静音：
AA 00 07 AD 11 10 09 00 01 09 55  开
》AA 00 07 AD 01 10 09 00 01 19 55 
AA 00 07 AD 11 10 09 00 00 A5 55  关

